Error: 0.07003357285912655
K:
- - - 803.0855762108847
    - 0.0
    - 529.9155199615752
  - - 0.0
    - 801.3503996603403
    - 403.7090802727404
  - - 0.0
    - 0.0
    - 1.0
X_B_C:
- - -0.6642863252504146
  - 0.004092175229498568
  - -0.7474670107684965
  - 0.053601365411423574
- - -0.022115985635730834
  - -0.9996548173193427
  - 0.014182009363688864
  - 0.4337233667733041
- - -0.7471509628345937
  - 0.025951884558210552
  - 0.6641475276045352
  - 0.36385475528639466
- - 0.0
  - 0.0
  - 0.0
  - 1.0
X_B_E:
- - 0.11722394092439961
  - 0.993099414594105
  - -0.0034785639276260056
  - -0.3529165784326548
- - 0.9931025877135358
  - -0.11721438453585976
  - 0.0028351956825697746
  - 0.3274252613518744
- - 0.002407893442774402
  - -0.0037869236492549764
  - -0.9999899305785248
  - -0.16583816070082769
- - 0.0
  - 0.0
  - 0.0
  - 1.0
X_B_T:
- - -0.9986380797898546
  - -0.07041132276756203
  - -0.0036320862657414467
  - -0.10529056783646683
- - 0.0687596070388586
  - -0.9988418057317014
  - -0.004479815542414042
  - 0.5021574346452162
- - -0.003122939784536047
  - -0.0044692873447578
  - 0.9999957443543939
  - -0.1866832892125191
- - 0.0
  - 0.0
  - 0.0
  - 1.0
distortion:
- - - -0.047256811761645715
    - 0.14269553557903109
    - 0.003839885320393901
    - 0.0043113000595090736
    - -0.18227714738625925
